    params = {"reservoirs":[ 
    {"name":"Mediano", 
    "hour": 0, 
    "cota_p": 501.5,  
    "cota_m": 501.4 
    },
    {"name":"Mediano", 
    "hour": 167, 
    "cota_p": 501.5, 
    "cota_m": 501.4
    },
    {"name":"Grado", 
    "hour": 0, 
    "cota_r": 449.33
    },
    {"name":"Grado", 
    "hour": 167, 
    "cota_r": 449.33
    },
    {"name":"Canfranc", 
    "hour": 0, 
    "cota_r": 1172.8
    },
    {"name":"Canfranc", 
    "hour": 167, 
    "cota_r": 1172.25
    },
    {"name":"Ip", 
    "hour": 0, 
    "cota_r": 2094.08
    },
    {"name":"Ip", 
    "hour": 167, 
    "cota_r": 2092.66
    },
    {"name":"Linsoles", 
    "hour": 0, 
    "cota_r": 1075.35
    },
    {"name":"Linsoles", 
    "hour": 167, 
    "cota_r": 1075.35
    },
    {"name":"Pasonuevo", 
    "hour": 0, 
    "cota_r": 1353.42
    },
    {"name":"Pasonuevo", 
    "hour": 167, 
    "cota_r": 1353.38
    },
    {"name":"Bachimanya", 
    "hour": 0, 
    "cota_r": 2187.52
    },
    {"name":"Bachimanya", 
    "hour": 167, 
    "cota_r": 2187.52
    },
    {"name":"Bubal", 
    "hour": 0, 
    "cota_r": 1074.82
    },
    {"name":"Bubal", 
    "hour": 167, 
    "cota_r": 1074.82
    },
    {"name":"Escarra", 
    "hour": 0, 
    "cota_r": 1609.32
    },
    {"name":"Escarra", 
    "hour": 167, 
    "cota_r": 1609.32
    },
    {"name":"Lanuza", 
    "hour": 0, 
    "cota_r": 1268.62
    },
    {"name":"Lanuza", 
    "hour": 167, 
    "cota_r": 1268.6
    },
    {"name":"Respomuso", 
    "hour": 0, 
    "cota_r": 2075.33
    },
    {"name":"Respomuso", 
    "hour": 167, 
    "cota_r": 2075.33
    }
    ], 
    "unit":['''{"name": "Mediano_1", 
            "hour": 0, 
            "pow_r": 10
    },
    {"name": "Mediano_2", 
            "hour": 0, 
            "pow_m": 0,
            "pow_p": 1
    }'''
    ], 
    "N1": ['''{ 
        "name": "lanuza", 
        "day": 0, 
        "val": 250 
        }'''],
    "N2": ['''{
        "name": "lanuza",
        "week": 0, 
        "val": 1000
    }'''],
    "natural_inflow": [{ 
    "name": "Mediano_input_wc", 
    "vals": [
        12.56,12.56,12.56,12.56,12.56,12.56,12.56,12.56,12.56,12.56,12.56,12.56,12.56,12.56,12.56,12.56,12.56,12.56,12.56,12.56,12.56,12.56,12.56,12.56,19.7,19.7,19.7,19.7,19.7,19.7,19.7,19.7,19.7,19.7,19.7,19.7,19.7,19.7,19.7,19.7,19.7,19.7,19.7,19.7,19.7,19.7,19.7,19.7,8.38,8.38,8.38,8.38,8.38,8.38,8.38,8.38,8.38,8.38,8.38,8.38,8.38,8.38,8.38,8.38,8.38,8.38,8.38,8.38,8.38,8.38,8.38,8.38,7.16,7.16,7.16,7.16,7.16,7.16,7.16,7.16,7.16,7.16,7.16,7.16,7.16,7.16,7.16,7.16,7.16,7.16,7.16,7.16,7.16,7.16,7.16,7.16,11.95,11.95,11.95,11.95,11.95,11.95,11.95,11.95,11.95,11.95,11.95,11.95,11.95,11.95,11.95,11.95,11.95,11.95,11.95,11.95,11.95,11.95,11.95,11.95,11.95,11.95,11.95,11.95,11.95,11.95,11.95,11.95,11.95,11.95,11.95,11.95,11.95,11.95,11.95,11.95,11.95,11.95,11.95,11.95,11.95,11.95,11.95,11.95,11.95,11.95,11.95,11.95,11.95,11.95,11.95,11.95,11.95,11.95,11.95,11.95,11.95,11.95,11.95,11.95,11.95,11.95,11.95,11.95,11.95,11.95,11.95,11.95] 
    },
    {"name": "Canalroya_input_wc",
     "vals": [ 1.17, 1.17, 1.17, 1.17, 1.17, 1.17, 1.17, 1.17, 1.17, 1.17, 1.17, 1.17, 1.17, 1.17, 1.17, 1.17, 1.17, 1.17, 1.17, 1.17, 1.17, 1.17, 1.17, 1.17, 1.14, 1.14, 1.14, 1.14, 1.14, 1.14, 1.14, 1.14, 1.14, 1.14, 1.14, 1.14, 1.14, 1.14, 1.14, 1.14, 1.14, 1.14, 1.14, 1.14, 1.14, 1.14, 1.14, 1.14, 1.11, 1.11, 1.11, 1.11, 1.11, 1.11, 1.11, 1.11, 1.11, 1.11, 1.11, 1.11, 1.11, 1.11, 1.11, 1.11, 1.11, 1.11, 1.11, 1.11, 1.11, 1.11, 1.11, 1.11, 1.08, 1.08, 1.08, 1.08, 1.08, 1.08, 1.08, 1.08, 1.08, 1.08, 1.08, 1.08, 1.08, 1.08, 1.08, 1.08, 1.08, 1.08, 1.08, 1.08, 1.08, 1.08, 1.08, 1.08, 1.12, 1.12, 1.12, 1.12, 1.12, 1.12, 1.12, 1.12, 1.12, 1.12, 1.12, 1.12, 1.12, 1.12, 1.12, 1.12, 1.12, 1.12, 1.12, 1.12, 1.12, 1.12, 1.12, 1.12, 1.12, 1.12, 1.12, 1.12, 1.12, 1.12, 1.12, 1.12, 1.12, 1.12, 1.12, 1.12, 1.12, 1.12, 1.12, 1.12, 1.12, 1.12, 1.12, 1.12, 1.12, 1.12, 1.12, 1.12, 1.12, 1.12, 1.12, 1.12, 1.12, 1.12, 1.12, 1.12, 1.12, 1.12, 1.12, 1.12, 1.12, 1.12, 1.12, 1.12, 1.12, 1.12, 1.12, 1.12, 1.12, 1.12, 1.12, 1.12] },
    {
        "name": "Canfranc_input_wc",
        "vals": [0.01, 0.01, 0.01, 0.01, 0.01, 0.01, 0.01, 0.01, 0.01, 0.01, 0.01, 0.01, 0.01, 0.01, 0.01, 0.01, 0.01, 0.01, 0.01, 0.01, 0.01, 0.01, 0.01, 0.01, 0.21, 0.21, 0.21, 0.21, 0.21, 0.21, 0.21, 0.21, 0.21, 0.21, 0.21, 0.21, 0.21, 0.21, 0.21, 0.21, 0.21, 0.21, 0.21, 0.21, 0.21, 0.21, 0.21, 0.21, 0.21, 0.21, 0.21, 0.21, 0.21, 0.21, 0.21, 0.21, 0.21, 0.21, 0.21, 0.21, 0.21, 0.21, 0.21, 0.21, 0.21, 0.21, 0.21, 0.21, 0.21, 0.21, 0.21, 0.21, 0.21, 0.21, 0.21, 0.21, 0.21, 0.21, 0.21, 0.21, 0.21, 0.21, 0.21, 0.21, 0.21, 0.21, 0.21, 0.21, 0.21, 0.21, 0.21, 0.21, 0.21, 0.21, 0.21, 0.21, 0.16, 0.16, 0.16, 0.16, 0.16, 0.16, 0.16, 0.16, 0.16, 0.16, 0.16, 0.16, 0.16, 0.16, 0.16, 0.16, 0.16, 0.16, 0.16, 0.16, 0.16, 0.16, 0.16, 0.16, 0.16, 0.16, 0.16, 0.16, 0.16, 0.16, 0.16, 0.16, 0.16, 0.16, 0.16, 0.16, 0.16, 0.16, 0.16, 0.16, 0.16, 0.16, 0.16, 0.16, 0.16, 0.16, 0.16, 0.16, 0.16, 0.16, 0.16, 0.16, 0.16, 0.16, 0.16, 0.16, 0.16, 0.16, 0.16, 0.16, 0.16, 0.16, 0.16, 0.16, 0.16, 0.16, 0.16, 0.16, 0.16, 0.16, 0.16, 0.16]
    }, 
    {
        "name": "Ip_input_wc",
        "vals": [0.07, 0.07, 0.07, 0.07, 0.07, 0.07, 0.07, 0.07, 0.07, 0.07, 0.07, 0.07, 0.07, 0.07, 0.07, 0.07, 0.07, 0.07, 0.07, 0.07, 0.07, 0.07, 0.07, 0.07, 0.13, 0.13, 0.13, 0.13, 0.13, 0.13, 0.13, 0.13, 0.13, 0.13, 0.13, 0.13, 0.13, 0.13, 0.13, 0.13, 0.13, 0.13, 0.13, 0.13, 0.13, 0.13, 0.13, 0.13, 0.12, 0.12, 0.12, 0.12, 0.12, 0.12, 0.12, 0.12, 0.12, 0.12, 0.12, 0.12, 0.12, 0.12, 0.12, 0.12, 0.12, 0.12, 0.12, 0.12, 0.12, 0.12, 0.12, 0.12, 0.11, 0.11, 0.11, 0.11, 0.11, 0.11, 0.11, 0.11, 0.11, 0.11, 0.11, 0.11, 0.11, 0.11, 0.11, 0.11, 0.11, 0.11, 0.11, 0.11, 0.11, 0.11, 0.11, 0.11, 0.11, 0.11, 0.11, 0.11, 0.11, 0.11, 0.11, 0.11, 0.11, 0.11, 0.11, 0.11, 0.11, 0.11, 0.11, 0.11, 0.11, 0.11, 0.11, 0.11, 0.11, 0.11, 0.11, 0.11, 0.11, 0.11, 0.11, 0.11, 0.11, 0.11, 0.11, 0.11, 0.11, 0.11, 0.11, 0.11, 0.11, 0.11, 0.11, 0.11, 0.11, 0.11, 0.11, 0.11, 0.11, 0.11, 0.11, 0.11, 0.11, 0.11, 0.11, 0.11, 0.11, 0.11, 0.11, 0.11, 0.11, 0.11, 0.11, 0.11, 0.11, 0.11, 0.11, 0.11, 0.11, 0.11, 0.11, 0.11, 0.11, 0.11, 0.11, 0.11] 
    }, 
    {
        "name": "Jaca_input_wc",
        "vals": [ 0.65, 0.65, 0.65, 0.65, 0.65, 0.65, 0.65, 0.65, 0.65, 0.65, 0.65, 0.65, 0.65, 0.65, 0.65, 0.65, 0.65, 0.65, 0.65, 0.65, 0.65, 0.65, 0.65, 0.65, 0.42, 0.42, 0.42, 0.42, 0.42, 0.42, 0.42, 0.42, 0.42, 0.42, 0.42, 0.42, 0.42, 0.42, 0.42, 0.42, 0.42, 0.42, 0.42, 0.42, 0.42, 0.42, 0.42, 0.42, 0.42, 0.42, 0.42, 0.42, 0.42, 0.42, 0.42, 0.42, 0.42, 0.42, 0.42, 0.42, 0.42, 0.42, 0.42, 0.42, 0.42, 0.42, 0.42, 0.42, 0.42, 0.42, 0.42, 0.42, 0.42, 0.42, 0.42, 0.42, 0.42, 0.42, 0.42, 0.42, 0.42, 0.42, 0.42, 0.42, 0.42, 0.42, 0.42, 0.42, 0.42, 0.42, 0.42, 0.42, 0.42, 0.42, 0.42, 0.42, 0.48, 0.48, 0.48, 0.48, 0.48, 0.48, 0.48, 0.48, 0.48, 0.48, 0.48, 0.48, 0.48, 0.48, 0.48, 0.48, 0.48, 0.48, 0.48, 0.48, 0.48, 0.48, 0.48, 0.48, 0.48, 0.48, 0.48, 0.48, 0.48, 0.48, 0.48, 0.48, 0.48, 0.48, 0.48, 0.48, 0.48, 0.48, 0.48, 0.48, 0.48, 0.48, 0.48, 0.48, 0.48, 0.48, 0.48, 0.48, 0.48, 0.48, 0.48, 0.48, 0.48, 0.48, 0.48, 0.48, 0.48, 0.48, 0.48, 0.48, 0.48, 0.48, 0.48, 0.48, 0.48, 0.48, 0.48, 0.48, 0.48, 0.48, 0.48, 0.48]
    },
    {
        "name": "Villanua_input_wc", 
        "vals": [ 0.28, 0.28, 0.28, 0.28, 0.28, 0.28, 0.28, 0.28, 0.28, 0.28, 0.28, 0.28, 0.28, 0.28, 0.28, 0.28, 0.28, 0.28, 0.28, 0.28, 0.28, 0.28, 0.28, 0.28, 0.77, 0.77, 0.77, 0.77, 0.77, 0.77, 0.77, 0.77, 0.77, 0.77, 0.77, 0.77, 0.77, 0.77, 0.77, 0.77, 0.77, 0.77, 0.77, 0.77, 0.77, 0.77, 0.77, 0.77, 0.88, 0.88, 0.88, 0.88, 0.88, 0.88, 0.88, 0.88, 0.88, 0.88, 0.88, 0.88, 0.88, 0.88, 0.88, 0.88, 0.88, 0.88, 0.88, 0.88, 0.88, 0.88, 0.88, 0.88, 0.31, 0.31, 0.31, 0.31, 0.31, 0.31, 0.31, 0.31, 0.31, 0.31, 0.31, 0.31, 0.31, 0.31, 0.31, 0.31, 0.31, 0.31, 0.31, 0.31, 0.31, 0.31, 0.31, 0.31, 0.56, 0.56, 0.56, 0.56, 0.56, 0.56, 0.56, 0.56, 0.56, 0.56, 0.56, 0.56, 0.56, 0.56, 0.56, 0.56, 0.56, 0.56, 0.56, 0.56, 0.56, 0.56, 0.56, 0.56, 0.56, 0.56, 0.56, 0.56, 0.56, 0.56, 0.56, 0.56, 0.56, 0.56, 0.56, 0.56, 0.56, 0.56, 0.56, 0.56, 0.56, 0.56, 0.56, 0.56, 0.56, 0.56, 0.56, 0.56, 0.56, 0.56, 0.56, 0.56, 0.56, 0.56, 0.56, 0.56, 0.56, 0.56, 0.56, 0.56, 0.56, 0.56, 0.56, 0.56, 0.56, 0.56, 0.56, 0.56, 0.56, 0.56, 0.56, 0.56 ]
    },
    {
        "name": "Pasonuevo_input_wc", 
        "vals": [ 1.63, 1.63, 1.63, 1.63, 1.63, 1.63, 1.63, 1.63, 1.63, 1.63, 1.63, 1.63, 1.63, 1.63, 1.63, 1.63, 1.63, 1.63, 1.63, 1.63, 1.63, 1.63, 1.63, 1.63, 1.8, 1.8, 1.8, 1.8, 1.8, 1.8, 1.8, 1.8, 1.8, 1.8, 1.8, 1.8, 1.8, 1.8, 1.8, 1.8, 1.8, 1.8, 1.8, 1.8, 1.8, 1.8, 1.8, 1.8, 1.71, 1.71, 1.71, 1.71, 1.71, 1.71, 1.71, 1.71, 1.71, 1.71, 1.71, 1.71, 1.71, 1.71, 1.71, 1.71, 1.71, 1.71, 1.71, 1.71, 1.71, 1.71, 1.71, 1.71, 1.62, 1.62, 1.62, 1.62, 1.62, 1.62, 1.62, 1.62, 1.62, 1.62, 1.62, 1.62, 1.62, 1.62, 1.62, 1.62, 1.62, 1.62, 1.62, 1.62, 1.62, 1.62, 1.62, 1.62, 1.69, 1.69, 1.69, 1.69, 1.69, 1.69, 1.69, 1.69, 1.69, 1.69, 1.69, 1.69, 1.69, 1.69, 1.69, 1.69, 1.69, 1.69, 1.69, 1.69, 1.69, 1.69, 1.69, 1.69, 1.69, 1.69, 1.69, 1.69, 1.69, 1.69, 1.69, 1.69, 1.69, 1.69, 1.69, 1.69, 1.69, 1.69, 1.69, 1.69, 1.69, 1.69, 1.69, 1.69, 1.69, 1.69, 1.69, 1.69, 1.69, 1.69, 1.69, 1.69, 1.69, 1.69, 1.69, 1.69, 1.69, 1.69, 1.69, 1.69, 1.69, 1.69, 1.69, 1.69, 1.69, 1.69, 1.69, 1.69, 1.69, 1.69, 1.69, 1.69]

    },
    {
        "name": "Basa_input_wc", 
        "vals": [  0.16, 0.16, 0.16, 0.16, 0.16, 0.16, 0.16, 0.16, 0.16, 0.16, 0.16, 0.16, 0.16, 0.16, 0.16, 0.16, 0.16, 0.16, 0.16, 0.16, 0.16, 0.16, 0.16, 0.16, 0.37, 0.37, 0.37, 0.37, 0.37, 0.37, 0.37, 0.37, 0.37, 0.37, 0.37, 0.37, 0.37, 0.37, 0.37, 0.37, 0.37, 0.37, 0.37, 0.37, 0.37, 0.37, 0.37, 0.37, 0.45, 0.45, 0.45, 0.45, 0.45, 0.45, 0.45, 0.45, 0.45, 0.45, 0.45, 0.45, 0.45, 0.45, 0.45, 0.45, 0.45, 0.45, 0.45, 0.45, 0.45, 0.45, 0.45, 0.45, 0.56, 0.56, 0.56, 0.56, 0.56, 0.56, 0.56, 0.56, 0.56, 0.56, 0.56, 0.56, 0.56, 0.56, 0.56, 0.56, 0.56, 0.56, 0.56, 0.56, 0.56, 0.56, 0.56, 0.56, 0.39, 0.39, 0.39, 0.39, 0.39, 0.39, 0.39, 0.39, 0.39, 0.39, 0.39, 0.39, 0.39, 0.39, 0.39, 0.39, 0.39, 0.39, 0.39, 0.39, 0.39, 0.39, 0.39, 0.39, 0.39, 0.39, 0.39, 0.39, 0.39, 0.39, 0.39, 0.39, 0.39, 0.39, 0.39, 0.39, 0.39, 0.39, 0.39, 0.39, 0.39, 0.39, 0.39, 0.39, 0.39, 0.39, 0.39, 0.39, 0.39, 0.39, 0.39, 0.39, 0.39, 0.39, 0.39, 0.39, 0.39, 0.39, 0.39, 0.39, 0.39, 0.39, 0.39, 0.39, 0.39, 0.39, 0.39, 0.39, 0.39, 0.39, 0.39, 0.39]

    },
    {
        "name": "Bubal_input_wc", 
        "vals": [  0.95, 0.95, 0.95, 0.95, 0.95, 0.95, 0.95, 0.95, 0.95, 0.95, 0.95, 0.95, 0.95, 0.95, 0.95, 0.95, 0.95, 0.95, 0.95, 0.95, 0.95, 0.95, 0.95, 0.95, 2.91, 2.91, 2.91, 2.91, 2.91, 2.91, 2.91, 2.91, 2.91, 2.91, 2.91, 2.91, 2.91, 2.91, 2.91, 2.91, 2.91, 2.91, 2.91, 2.91, 2.91, 2.91, 2.91, 2.91, 2.83, 2.83, 2.83, 2.83, 2.83, 2.83, 2.83, 2.83, 2.83, 2.83, 2.83, 2.83, 2.83, 2.83, 2.83, 2.83, 2.83, 2.83, 2.83, 2.83, 2.83, 2.83, 2.83, 2.83, 2.32, 2.32, 2.32, 2.32, 2.32, 2.32, 2.32, 2.32, 2.32, 2.32, 2.32, 2.32, 2.32, 2.32, 2.32, 2.32, 2.32, 2.32, 2.32, 2.32, 2.32, 2.32, 2.32, 2.32, 2.25, 2.25, 2.25, 2.25, 2.25, 2.25, 2.25, 2.25, 2.25, 2.25, 2.25, 2.25, 2.25, 2.25, 2.25, 2.25, 2.25, 2.25, 2.25, 2.25, 2.25, 2.25, 2.25, 2.25, 2.25, 2.25, 2.25, 2.25, 2.25, 2.25, 2.25, 2.25, 2.25, 2.25, 2.25, 2.25, 2.25, 2.25, 2.25, 2.25, 2.25, 2.25, 2.25, 2.25, 2.25, 2.25, 2.25, 2.25, 2.25, 2.25, 2.25, 2.25, 2.25, 2.25, 2.25, 2.25, 2.25, 2.25, 2.25, 2.25, 2.25, 2.25, 2.25, 2.25, 2.25, 2.25, 2.25, 2.25, 2.25, 2.25, 2.25, 2.25]

    }, 
    {
        "name": "Escarra_input_wc", 
        "vals": [  0.38, 0.38, 0.38, 0.38, 0.38, 0.38, 0.38, 0.38, 0.38, 0.38, 0.38, 0.38, 0.38, 0.38, 0.38, 0.38, 0.38, 0.38, 0.38, 0.38, 0.38, 0.38, 0.38, 0.38, 1.29, 1.29, 1.29, 1.29, 1.29, 1.29, 1.29, 1.29, 1.29, 1.29, 1.29, 1.29, 1.29, 1.29, 1.29, 1.29, 1.29, 1.29, 1.29, 1.29, 1.29, 1.29, 1.29, 1.29, 0.99, 0.99, 0.99, 0.99, 0.99, 0.99, 0.99, 0.99, 0.99, 0.99, 0.99, 0.99, 0.99, 0.99, 0.99, 0.99, 0.99, 0.99, 0.99, 0.99, 0.99, 0.99, 0.99, 0.99, 0.74, 0.74, 0.74, 0.74, 0.74, 0.74, 0.74, 0.74, 0.74, 0.74, 0.74, 0.74, 0.74, 0.74, 0.74, 0.74, 0.74, 0.74, 0.74, 0.74, 0.74, 0.74, 0.74, 0.74, 0.85, 0.85, 0.85, 0.85, 0.85, 0.85, 0.85, 0.85, 0.85, 0.85, 0.85, 0.85, 0.85, 0.85, 0.85, 0.85, 0.85, 0.85, 0.85, 0.85, 0.85, 0.85, 0.85, 0.85, 0.85, 0.85, 0.85, 0.85, 0.85, 0.85, 0.85, 0.85, 0.85, 0.85, 0.85, 0.85, 0.85, 0.85, 0.85, 0.85, 0.85, 0.85, 0.85, 0.85, 0.85, 0.85, 0.85, 0.85, 0.85, 0.85, 0.85, 0.85, 0.85, 0.85, 0.85, 0.85, 0.85, 0.85, 0.85, 0.85, 0.85, 0.85, 0.85, 0.85, 0.85, 0.85, 0.85, 0.85, 0.85, 0.85, 0.85, 0.85]

    },
    {
        "name": "Guarga_input_wc", 
        "vals": [  0.2, 0.2, 0.2, 0.2, 0.2, 0.2, 0.2, 0.2, 0.2, 0.2, 0.2, 0.2, 0.2, 0.2, 0.2, 0.2, 0.2, 0.2, 0.2, 0.2, 0.2, 0.2, 0.2, 0.2, 0.8, 0.8, 0.8, 0.8, 0.8, 0.8, 0.8, 0.8, 0.8, 0.8, 0.8, 0.8, 0.8, 0.8, 0.8, 0.8, 0.8, 0.8, 0.8, 0.8, 0.8, 0.8, 0.8, 0.8, 1.11, 1.11, 1.11, 1.11, 1.11, 1.11, 1.11, 1.11, 1.11, 1.11, 1.11, 1.11, 1.11, 1.11, 1.11, 1.11, 1.11, 1.11, 1.11, 1.11, 1.11, 1.11, 1.11, 1.11, 1.17, 1.17, 1.17, 1.17, 1.17, 1.17, 1.17, 1.17, 1.17, 1.17, 1.17, 1.17, 1.17, 1.17, 1.17, 1.17, 1.17, 1.17, 1.17, 1.17, 1.17, 1.17, 1.17, 1.17, 0.82, 0.82, 0.82, 0.82, 0.82, 0.82, 0.82, 0.82, 0.82, 0.82, 0.82, 0.82, 0.82, 0.82, 0.82, 0.82, 0.82, 0.82, 0.82, 0.82, 0.82, 0.82, 0.82, 0.82, 0.82, 0.82, 0.82, 0.82, 0.82, 0.82, 0.82, 0.82, 0.82, 0.82, 0.82, 0.82, 0.82, 0.82, 0.82, 0.82, 0.82, 0.82, 0.82, 0.82, 0.82, 0.82, 0.82, 0.82, 0.82, 0.82, 0.82, 0.82, 0.82, 0.82, 0.82, 0.82, 0.82, 0.82, 0.82, 0.82, 0.82, 0.82, 0.82, 0.82, 0.82, 0.82, 0.82, 0.82, 0.82, 0.82, 0.82, 0.82]

    },
    {
        "name": "La sarra_input_wc", 
        "vals": [  2.01, 2.01, 2.01, 2.01, 2.01, 2.01, 2.01, 2.01, 2.01, 2.01, 2.01, 2.01, 2.01, 2.01, 2.01, 2.01, 2.01, 2.01, 2.01, 2.01, 2.01, 2.01, 2.01, 2.01, 2.09, 2.09, 2.09, 2.09, 2.09, 2.09, 2.09, 2.09, 2.09, 2.09, 2.09, 2.09, 2.09, 2.09, 2.09, 2.09, 2.09, 2.09, 2.09, 2.09, 2.09, 2.09, 2.09, 2.09, 2.17, 2.17, 2.17, 2.17, 2.17, 2.17, 2.17, 2.17, 2.17, 2.17, 2.17, 2.17, 2.17, 2.17, 2.17, 2.17, 2.17, 2.17, 2.17, 2.17, 2.17, 2.17, 2.17, 2.17, 2.03, 2.03, 2.03, 2.03, 2.03, 2.03, 2.03, 2.03, 2.03, 2.03, 2.03, 2.03, 2.03, 2.03, 2.03, 2.03, 2.03, 2.03, 2.03, 2.03, 2.03, 2.03, 2.03, 2.03, 2.07, 2.07, 2.07, 2.07, 2.07, 2.07, 2.07, 2.07, 2.07, 2.07, 2.07, 2.07, 2.07, 2.07, 2.07, 2.07, 2.07, 2.07, 2.07, 2.07, 2.07, 2.07, 2.07, 2.07, 2.07, 2.07, 2.07, 2.07, 2.07, 2.07, 2.07, 2.07, 2.07, 2.07, 2.07, 2.07, 2.07, 2.07, 2.07, 2.07, 2.07, 2.07, 2.07, 2.07, 2.07, 2.07, 2.07, 2.07, 2.07, 2.07, 2.07, 2.07, 2.07, 2.07, 2.07, 2.07, 2.07, 2.07, 2.07, 2.07, 2.07, 2.07, 2.07, 2.07, 2.07, 2.07, 2.07, 2.07, 2.07, 2.07, 2.07, 2.07]

    },
    {
        "name": "Lanuza_input_wc", 
        "vals": [  0.88, 0.88, 0.88, 0.88, 0.88, 0.88, 0.88, 0.88, 0.88, 0.88, 0.88, 0.88, 0.88, 0.88, 0.88, 0.88, 0.88, 0.88, 0.88, 0.88, 0.88, 0.88, 0.88, 0.88, 1.66, 1.66, 1.66, 1.66, 1.66, 1.66, 1.66, 1.66, 1.66, 1.66, 1.66, 1.66, 1.66, 1.66, 1.66, 1.66, 1.66, 1.66, 1.66, 1.66, 1.66, 1.66, 1.66, 1.66, 1.15, 1.15, 1.15, 1.15, 1.15, 1.15, 1.15, 1.15, 1.15, 1.15, 1.15, 1.15, 1.15, 1.15, 1.15, 1.15, 1.15, 1.15, 1.15, 1.15, 1.15, 1.15, 1.15, 1.15, 1.23, 1.23, 1.23, 1.23, 1.23, 1.23, 1.23, 1.23, 1.23, 1.23, 1.23, 1.23, 1.23, 1.23, 1.23, 1.23, 1.23, 1.23, 1.23, 1.23, 1.23, 1.23, 1.23, 1.23, 1.23, 1.23, 1.23, 1.23, 1.23, 1.23, 1.23, 1.23, 1.23, 1.23, 1.23, 1.23, 1.23, 1.23, 1.23, 1.23, 1.23, 1.23, 1.23, 1.23, 1.23, 1.23, 1.23, 1.23, 1.23, 1.23, 1.23, 1.23, 1.23, 1.23, 1.23, 1.23, 1.23, 1.23, 1.23, 1.23, 1.23, 1.23, 1.23, 1.23, 1.23, 1.23, 1.23, 1.23, 1.23, 1.23, 1.23, 1.23, 1.23, 1.23, 1.23, 1.23, 1.23, 1.23, 1.23, 1.23, 1.23, 1.23, 1.23, 1.23, 1.23, 1.23, 1.23, 1.23, 1.23, 1.23, 1.23, 1.23, 1.23, 1.23, 1.23, 1.23]

    },
    {
        "name": "Moro_input_wc", 
        "vals": [  0.08, 0.08, 0.08, 0.08, 0.08, 0.08, 0.08, 0.08, 0.08, 0.08, 0.08, 0.08, 0.08, 0.08, 0.08, 0.08, 0.08, 0.08, 0.08, 0.08, 0.08, 0.08, 0.08, 0.08, 0.38, 0.38, 0.38, 0.38, 0.38, 0.38, 0.38, 0.38, 0.38, 0.38, 0.38, 0.38, 0.38, 0.38, 0.38, 0.38, 0.38, 0.38, 0.38, 0.38, 0.38, 0.38, 0.38, 0.38, 0.44, 0.44, 0.44, 0.44, 0.44, 0.44, 0.44, 0.44, 0.44, 0.44, 0.44, 0.44, 0.44, 0.44, 0.44, 0.44, 0.44, 0.44, 0.44, 0.44, 0.44, 0.44, 0.44, 0.44, 0.5, 0.5, 0.5, 0.5, 0.5, 0.5, 0.5, 0.5, 0.5, 0.5, 0.5, 0.5, 0.5, 0.5, 0.5, 0.5, 0.5, 0.5, 0.5, 0.5, 0.5, 0.5, 0.5, 0.5, 0.35, 0.35, 0.35, 0.35, 0.35, 0.35, 0.35, 0.35, 0.35, 0.35, 0.35, 0.35, 0.35, 0.35, 0.35, 0.35, 0.35, 0.35, 0.35, 0.35, 0.35, 0.35, 0.35, 0.35, 0.35, 0.35, 0.35, 0.35, 0.35, 0.35, 0.35, 0.35, 0.35, 0.35, 0.35, 0.35, 0.35, 0.35, 0.35, 0.35, 0.35, 0.35, 0.35, 0.35, 0.35, 0.35, 0.35, 0.35, 0.35, 0.35, 0.35, 0.35, 0.35, 0.35, 0.35, 0.35, 0.35, 0.35, 0.35, 0.35, 0.35, 0.35, 0.35, 0.35, 0.35, 0.35, 0.35, 0.35, 0.35, 0.35, 0.35, 0.35]

    },
    {
        "name": "Respomuso_input_wc", 
        "vals": [  0.08, 0.08, 0.08, 0.08, 0.08, 0.08, 0.08, 0.08, 0.08, 0.08, 0.08, 0.08, 0.08, 0.08, 0.08, 0.08, 0.08, 0.08, 0.08, 0.08, 0.08, 0.08, 0.08, 0.08, 0.15, 0.15, 0.15, 0.15, 0.15, 0.15, 0.15, 0.15, 0.15, 0.15, 0.15, 0.15, 0.15, 0.15, 0.15, 0.15, 0.15, 0.15, 0.15, 0.15, 0.15, 0.15, 0.15, 0.15, 0.15, 0.15, 0.15, 0.15, 0.15, 0.15, 0.15, 0.15, 0.15, 0.15, 0.15, 0.15, 0.15, 0.15, 0.15, 0.15, 0.15, 0.15, 0.15, 0.15, 0.15, 0.15, 0.15, 0.15, 0.14, 0.14, 0.14, 0.14, 0.14, 0.14, 0.14, 0.14, 0.14, 0.14, 0.14, 0.14, 0.14, 0.14, 0.14, 0.14, 0.14, 0.14, 0.14, 0.14, 0.14, 0.14, 0.14, 0.14, 0.13, 0.13, 0.13, 0.13, 0.13, 0.13, 0.13, 0.13, 0.13, 0.13, 0.13, 0.13, 0.13, 0.13, 0.13, 0.13, 0.13, 0.13, 0.13, 0.13, 0.13, 0.13, 0.13, 0.13, 0.13, 0.13, 0.13, 0.13, 0.13, 0.13, 0.13, 0.13, 0.13, 0.13, 0.13, 0.13, 0.13, 0.13, 0.13, 0.13, 0.13, 0.13, 0.13, 0.13, 0.13, 0.13, 0.13, 0.13, 0.13, 0.13, 0.13, 0.13, 0.13, 0.13, 0.13, 0.13, 0.13, 0.13, 0.13, 0.13, 0.13, 0.13, 0.13, 0.13, 0.13, 0.13, 0.13, 0.13, 0.13, 0.13, 0.13, 0.13]

    },
    {
        "name": "Sabinanigo_input_wc", 
        "vals": [  4.92, 4.92, 4.92, 4.92, 4.92, 4.92, 4.92, 4.92, 4.92, 4.92, 4.92, 4.92, 4.92, 4.92, 4.92, 4.92, 4.92, 4.92, 4.92, 4.92, 4.92, 4.92, 4.92, 4.92, 2.28, 2.28, 2.28, 2.28, 2.28, 2.28, 2.28, 2.28, 2.28, 2.28, 2.28, 2.28, 2.28, 2.28, 2.28, 2.28, 2.28, 2.28, 2.28, 2.28, 2.28, 2.28, 2.28, 2.28, 3.24, 3.24, 3.24, 3.24, 3.24, 3.24, 3.24, 3.24, 3.24, 3.24, 3.24, 3.24, 3.24, 3.24, 3.24, 3.24, 3.24, 3.24, 3.24, 3.24, 3.24, 3.24, 3.24, 3.24, 2.69, 2.69, 2.69, 2.69, 2.69, 2.69, 2.69, 2.69, 2.69, 2.69, 2.69, 2.69, 2.69, 2.69, 2.69, 2.69, 2.69, 2.69, 2.69, 2.69, 2.69, 2.69, 2.69, 2.69, 3.28, 3.28, 3.28, 3.28, 3.28, 3.28, 3.28, 3.28, 3.28, 3.28, 3.28, 3.28, 3.28, 3.28, 3.28, 3.28, 3.28, 3.28, 3.28, 3.28, 3.28, 3.28, 3.28, 3.28, 3.28, 3.28, 3.28, 3.28, 3.28, 3.28, 3.28, 3.28, 3.28, 3.28, 3.28, 3.28, 3.28, 3.28, 3.28, 3.28, 3.28, 3.28, 3.28, 3.28, 3.28, 3.28, 3.28, 3.28, 3.28, 3.28, 3.28, 3.28, 3.28, 3.28, 3.28, 3.28, 3.28, 3.28, 3.28, 3.28, 3.28, 3.28, 3.28, 3.28, 3.28, 3.28, 3.28, 3.28, 3.28, 3.28, 3.28, 3.28]

    }],
    "precios": [{ 
        "name" : "PMD", 
        "vals" : [260.5773663454, 258.879895187942, 234.905452120137, 229.414373259081, 224.61576016991, 233.243957073866, 277.10302551585, 266.866817717817, 279.115491985766, 269.299961162876, 266.655171810386, 254.843781650436, 251.382662106824, 240.457679173984, 237.553902285221, 238.350717134884, 230.542438433104, 245.989284458642, 263.89168506727, 282.50361928019, 282.227268714022, 272.613836680946, 276.932293488358, 262.995776210008, 214.187545358285, 195.335244459241, 184.062465120289, 199.746594883846, 202.381536768114, 209.156261297046, 231.787304660805, 260.316791937738, 264.979533709248, 250.142010282615, 224.773276440961, 212.436684926756, 210.090667925241, 204.548658184861, 204.03109858132, 204.091119370781, 216.650643102666, 241.062484061529, 263.129637699393, 264.527992866163, 271.11222036389, 267.233729617564, 255.782915345927, 238.591694468862, 218.975960242443, 190.09375349234, 148.522296669223, 145.27663128308, 147.517876294668, 146.945928264835, 221.010984275321, 248.591535458844, 250.242438460102, 235.091152593102, 219.509362995427, 170.621107151822, 163.641433132859, 151.803211407872, 149.175399449256, 145.37917499988, 152.798797084336, 215.411799808351, 244.03679732692, 248.684421609028, 237.285169527418, 233.249103600483, 225.727703864831, 188.225138552911, 143.620778110966, 124.560699142753, 112.67812974717, 105.842482661313, 104.265399479938, 101.385909955144, 115.730744205649, 118.446687020683, 144.963014906143, 141.928703830255, 140.774295119696, 135.437025497454, 128.712532469745, 135.110765472513, 127.062589903147, 116.913689122275, 123.873747379411, 157.559462477538, 177.23205000817, 198.543149101273, 210.939956202809, 211.627811624419, 203.409027692209, 172.925258777187, 160.676976552435, 132.070218313236, 118.837069625366, 114.650787889774, 111.949335763798, 111.81039568606, 108.435127391984, 135.139260459924, 136.186396759644, 123.700113308509, 131.172747656109, 126.184398901023, 121.492740000042, 128.561884828781, 121.629222458303, 121.142009176858, 126.092620850951, 159.558967960571, 178.104133171139, 200.281569441594, 204.974161117333, 204.174879344771, 196.267293872227, 175.6202185552, 143.879133883993, 113.4096837119, 105.475054821734, 104.573525846851, 106.602324000749, 111.624841288649, 141.385015709415, 186.84056065621, 196.776010289579, 177.707419247528, 146.932661875981, 134.329478118555, 121.101031598629, 116.00896398696, 112.199470833836, 110.314499213285, 128.519047528793, 159.984530092377, 191.253378943121, 197.179161465746, 214.263439856247, 212.436754677205, 212.940085079539, 165.04444978822, 169.46895781998, 145.959233081717, 132.353300090108, 127.657870029362, 124.687366231969, 126.969998379911, 180.184671369153, 212.131917150718, 217.37519229516, 210.982918688551, 181.522975563964, 176.487144032496, 172.071947898712, 170.278548674144, 171.581130536309, 168.632446846004, 170.226662205038, 189.281857964093, 227.750411942554, 236.832331861031, 241.660686114991, 239.891814924007, 232.963005452075, 209.851257443685] },
        {
        "name" : "PBS", 
        "vals" : [167.1427872, 230.6582823, 124.9877652, 108.9939843, 107.867319, 160.7000336, 199.763709, 87.7115512, 59.31042231, 92.91347577, 129.6979709, 163.9199343, 184.9787184, 222.4201306, 243.0722994, 357.2060322, 360.5277427, 351.9768335, 137.1531233, 77.39230383, 56.90623809, 92.43651033, 228.3896225, 238.6570982, 240.8004193, 262.0504154, 219.3698721, 206.0285089, 193.8240707, 211.4994473, 187.2257217, 97.74247611, 84.56455475, 136.5696555, 197.9502529, 219.5311475, 239.5226476, 259.6358587, 259.8534364, 262.010751, 288.5693571, 210.5885372, 146.7916248, 113.6037048, 91.35327649, 103.4292792, 123.5860875, 168.316071, 173.7681474, 214.7963591, 223.7617957, 220.7911405, 225.1565244, 235.3805785, 179.4612701, 111.8698557, 107.8551407, 143.5742658, 179.8798048, 200.371993, 216.100933, 239.2729866, 230.8161542, 271.1502822, 263.4564257, 241.1079633, 178.0153014, 138.6949055, 121.0366863, 140.3994116, 212.2307565, 249.9624833, 170.1807276, 172.3891396, 172.1624996, 171.442038, 173.9264708, 177.3370172, 178.5060116, 176.371478, 173.6109796, 182.1616473, 153.5368853, 164.8261879, 169.6719944, 168.0650928, 181.0762091, 193.3294655, 201.4832455, 197.6584559, 184.026607, 141.18863, 141.9656311, 142.9878631, 147.9619005, 169.0060436, 272.0913106, 287.6121122, 276.1473276, 279.1904553, 279.949468, 303.0542381, 304.5808153, 231.7156876, 239.4278765, 283.575426, 279.1268861, 330.4746855, 337.3850886, 328.3044801, 365.2431391, 374.249132, 396.6607204, 396.3160622, 297.5560168, 181.8517759, 159.0104334, 157.4632055, 192.4381232, 252.7757307, 215.153664, 224.5508139, 217.4086732, 225.3914674, 206.5843669, 211.9048168, 203.5005189, 127.7973911, 122.0632616, 172.8998847, 185.4383294, 207.6552573, 229.1813965, 231.972325, 245.7389309, 246.6480527, 271.4510328, 268.6422893, 220.0524425, 166.5855513, 141.5276941, 139.4124802, 159.8827234, 187.2942081, 123.992528, 126.8335592, 123.1636364, 120.8318564, 122.4703172, 122.6533256, 122.5577264, 95.23375374, 90.46029534, 99.49155774, 106.9516733, 127.216426, 141.568016, 137.5351072, 140.5350892, 143.9274112, 145.1407878, 142.6721838, 137.3629146, 109.3829798, 99.66555501, 101.5399994, 102.0528434, 109.8890537] }
        ], 
    "ratio_pbs": [ 
        1.03286942807926, 1.03433386727495, 1.24695522603355, 1.2656859620748, 1.2656859620748, 1.1992953268308, 1.71387905248397, 1.72153115474677, 1.16808268855958, 1.03338266358112, 1.02424827614278, 1.02325632650195, 1.01108653096968, 1.01108653096968, 1.01108653096968, 1.00890598121336, 1.56278371213738, 1.6960883517357, 1.69253797660083, 1.64583353468719, 1.07109445552659, 1.03695819575296, 1.00652141025336, 1.01505262247132, 1.11447073020251, 1.11219299484819, 1.30692418483916, 1.30580306614088, 1.30580306614088, 1.20914373511754, 1.7919274009754, 1.74902181584105, 1.12878911372395, 1.14564918035001, 1.09559125689951, 1.07801089931817, 1.07801089931817, 1.07573316396384, 1.07573316396384, 1.08174677127379, 1.55093807923541, 1.67762377816579, 1.70234497253151, 1.72853532477114, 1.17107313224986, 1.10461248451177, 1.08530502975593, 1.07454047963555, 1.13890208531346, 1.12062349806223, 1.26223948281266, 1.26144124343908, 1.26057406548076, 1.25524712207057, 1.6943540685219, 1.68835212374334, 1.17009585548514, 1.140546519497, 1.04981040902189, 1.01099570565436, 1.01099570565436, 1.01079811252818, 1.01079811252818, 1.01079811252818, 1.6265330120771, 1.576021638697, 1.6222303379044, 1.65743229192855, 1.09919502377473, 1.12954657760675, 1.10347818606752, 1.11059131847082, 1.0569118509624, 1.04926141273575, 1.24741892946817, 1.24741892946817, 1.24741892946817, 1.13489543853172, 1.13049265969977, 1.30639656342559, 1.09372666104136, 1.04602059372607, 1.0375790426281, 1.03353424573149, 1.03409899261426, 1.0321620320945, 1.033069359607, 1.03197486544553, 1.46197309840023, 1.417328516016, 1.52794444911534, 1.63730304374462, 1.05830060936562, 1.04354157537519, 1.03890204778497, 1.0525026702893, 1.04772675950756, 1.04840392627358, 1.24589910327998, 1.24589910327998, 1.24239269562877, 1.11346184827065, 1.12538492051561, 1.15813513191489, 1.07619162361907, 1.05614950064056, 1.031670793706, 1.04742352247349, 1.08394522931802, 1.08394522931802, 1.08394522931802, 1.08102078181682, 1.47882255680024, 1.56088967139647, 1.61864180708879, 1.6009932689451, 1.04277003201751, 1.04749776602776, 1.02677236425766, 1.02677236425766, 1.07819614285062, 1.10138227610001, 1.29307271595546, 1.29307271595546, 1.29481532439747, 1.25104170256582, 1.6680660529763, 1.68057336919059, 1.16839371505255, 1.10187473323586, 1.02259430641009, 1.0354063524863, 1.0354063524863, 1.0348982797537, 1.06369868094492, 1.07153167723819, 1.54741154804091, 1.58588511828708, 1.70955423593559, 1.71422521135457, 1.04139573488601, 1.02821793559198, 1.05218088092091, 1.06387371339294, 1.035956563474, 1.04405004957307, 1.24530032830254, 1.24530032830254, 1.24530032830254, 1.18069907775756, 1.67140069504224, 1.65725622044355, 1.12084818835456, 1.01978966225601, 1.01001818027397, 1.01096104534069, 1.01686348942009, 1.01686348942009, 1.01686348942009, 1.02326617238866, 1.60537132459951, 1.58692264059799, 1.67163361617786, 1.6131973905968, 1.06174247558693, 1.01061386325332, 1.01653082776159, 1.01653082776159], 
    "time_range": 168, 
    "start": "2023-04-26T20:00:00Z",
    "max_run": 3600
    }

    